In [217]: -0x554850 * 2**-149
Out[217]: -7.831958010600834e-39

In [218]: 0xd33302 * 2**-149
Out[218]: 1.93955878446833e-38

actual:     1.13723162e-38
expected:   1.15636298e-38
