In [197]: 0xed4d75 * 2**-147
Out[197]: 8.717119574677206e-38

In [198]: -0xcdc365 * 2**-147
Out[198]: -7.558548425148876e-38

expected:   1.15857115e-38
actual:     2.93027428e-38
